  #populations              t  freq. of type A(t) 
              1              0            0.5
              1              1          0.532
              1              2          0.513
              1              3          0.515
              1              4          0.506
              1              5          0.501
              1              6          0.493
              1              7          0.497
              1              8          0.488
              1              9          0.467
              1             10          0.469
              1             11          0.469
              1             12          0.481
              1             13          0.486
              1             14          0.505
              1             15          0.506
              1             16          0.515
              1             17          0.526
              1             18           0.54
              1             19          0.537
              1             20          0.516
              1             21          0.529
              1             22           0.55
              1             23          0.557
              1             24          0.551
              1             25           0.55
              1             26          0.547
              1             27          0.548
              1             28          0.567
              1             29          0.567
              1             30          0.579
              2              0            0.5
              2              1          0.484
              2              2          0.493
              2              3          0.488
              2              4          0.464
              2              5          0.454
              2              6          0.425
              2              7          0.433
              2              8          0.444
              2              9          0.443
              2             10          0.436
              2             11            0.4
              2             12          0.409
              2             13          0.409
              2             14            0.4
              2             15          0.411
              2             16          0.438
              2             17          0.462
              2             18          0.479
              2             19          0.492
              2             20          0.483
              2             21          0.491
              2             22          0.499
              2             23           0.51
              2             24          0.521
              2             25          0.479
              2             26          0.479
              2             27          0.475
              2             28          0.467
              2             29          0.458
              2             30          0.433
              3              0            0.5
              3              1          0.526
              3              2          0.521
              3              3          0.506
              3              4          0.511
              3              5          0.507
              3              6          0.488
              3              7          0.498
              3              8          0.515
              3              9          0.536
              3             10          0.559
              3             11          0.528
              3             12          0.539
              3             13           0.57
              3             14           0.57
              3             15          0.586
              3             16          0.554
              3             17           0.55
              3             18          0.549
              3             19          0.564
              3             20           0.57
              3             21          0.605
              3             22          0.626
              3             23          0.633
              3             24          0.609
              3             25          0.605
              3             26          0.621
              3             27          0.622
              3             28          0.635
              3             29          0.657
              3             30          0.648
              4              0            0.5
              4              1          0.497
              4              2          0.523
              4              3           0.53
              4              4          0.538
              4              5          0.557
              4              6          0.554
              4              7          0.548
              4              8           0.57
              4              9          0.549
              4             10          0.548
              4             11          0.558
              4             12           0.54
              4             13          0.526
              4             14          0.553
              4             15          0.567
              4             16           0.56
              4             17          0.565
              4             18          0.556
              4             19          0.546
              4             20          0.554
              4             21          0.558
              4             22          0.556
              4             23          0.572
              4             24          0.557
              4             25          0.548
              4             26          0.544
              4             27          0.564
              4             28          0.568
              4             29          0.562
              4             30          0.576
              5              0            0.5
              5              1           0.47
              5              2           0.48
              5              3          0.496
              5              4          0.491
              5              5          0.512
              5              6          0.516
              5              7           0.52
              5              8          0.558
              5              9          0.561
              5             10          0.545
              5             11          0.539
              5             12          0.535
              5             13          0.561
              5             14          0.544
              5             15          0.554
              5             16          0.566
              5             17          0.586
              5             18          0.582
              5             19          0.585
              5             20          0.562
              5             21          0.572
              5             22          0.574
              5             23          0.572
              5             24          0.566
              5             25           0.58
              5             26           0.59
              5             27          0.566
              5             28          0.586
              5             29          0.589
              5             30          0.595
              6              0            0.5
              6              1          0.491
              6              2           0.49
              6              3          0.465
              6              4          0.481
              6              5          0.505
              6              6          0.514
              6              7          0.518
              6              8          0.507
              6              9          0.513
              6             10           0.54
              6             11           0.53
              6             12          0.513
              6             13          0.526
              6             14          0.549
              6             15          0.564
              6             16          0.541
              6             17          0.554
              6             18          0.566
              6             19          0.552
              6             20          0.545
              6             21           0.54
              6             22          0.544
              6             23          0.548
              6             24          0.527
              6             25          0.523
              6             26            0.5
              6             27          0.506
              6             28          0.515
              6             29          0.509
              6             30          0.509
              7              0            0.5
              7              1          0.502
              7              2          0.474
              7              3          0.478
              7              4           0.44
              7              5          0.426
              7              6          0.415
              7              7           0.41
              7              8          0.398
              7              9          0.392
              7             10          0.368
              7             11          0.355
              7             12          0.338
              7             13          0.365
              7             14          0.343
              7             15          0.341
              7             16          0.339
              7             17          0.328
              7             18          0.352
              7             19          0.354
              7             20          0.357
              7             21          0.365
              7             22          0.359
              7             23           0.34
              7             24          0.344
              7             25          0.333
              7             26          0.349
              7             27          0.367
              7             28          0.358
              7             29          0.385
              7             30          0.421
              8              0            0.5
              8              1          0.502
              8              2          0.489
              8              3          0.505
              8              4          0.486
              8              5          0.464
              8              6          0.495
              8              7          0.497
              8              8          0.494
              8              9          0.491
              8             10          0.506
              8             11          0.515
              8             12           0.52
              8             13          0.505
              8             14          0.538
              8             15          0.534
              8             16          0.521
              8             17          0.502
              8             18          0.497
              8             19           0.48
              8             20          0.459
              8             21          0.452
              8             22          0.439
              8             23          0.436
              8             24          0.445
              8             25          0.438
              8             26          0.431
              8             27          0.442
              8             28          0.434
              8             29          0.467
              8             30          0.466
              9              0            0.5
              9              1           0.49
              9              2          0.467
              9              3          0.473
              9              4          0.501
              9              5          0.527
              9              6           0.56
              9              7          0.545
              9              8          0.547
              9              9          0.572
              9             10          0.532
              9             11          0.509
              9             12          0.532
              9             13          0.548
              9             14          0.556
              9             15          0.535
              9             16          0.521
              9             17          0.536
              9             18          0.541
              9             19          0.548
              9             20          0.552
              9             21          0.564
              9             22          0.554
              9             23          0.557
              9             24          0.569
              9             25          0.557
              9             26          0.581
              9             27          0.577
              9             28          0.589
              9             29          0.554
              9             30          0.557
             10              0            0.5
             10              1          0.514
             10              2          0.495
             10              3          0.513
             10              4           0.55
             10              5          0.546
             10              6          0.515
             10              7          0.478
             10              8          0.481
             10              9           0.49
             10             10            0.5
             10             11          0.495
             10             12          0.492
             10             13          0.483
             10             14          0.479
             10             15          0.466
             10             16          0.479
             10             17          0.494
             10             18          0.492
             10             19          0.498
             10             20          0.507
             10             21          0.483
             10             22          0.472
             10             23           0.47
             10             24           0.49
             10             25          0.501
             10             26          0.485
             10             27          0.491
             10             28          0.487
             10             29          0.467
             10             30          0.446
 # pop size = 1000 selection coefficient = 0
