  #populations              t  freq. of type A(t) 
              1              0            0.5
              1              1          0.566
              1              2          0.614
              1              3          0.664
              1              4          0.709
              1              5          0.754
              1              6          0.813
              1              7          0.842
              1              8          0.892
              1              9          0.912
              1             10          0.929
              1             11          0.954
              1             12          0.959
              1             13          0.965
              1             14          0.976
              1             15          0.974
              1             16          0.987
              1             17          0.985
              1             18          0.992
              1             19          0.991
              1             20          0.993
              1             21          0.996
              1             22          0.996
              1             23          0.998
              1             24              1
              1             25              1
              1             26              1
              1             27              1
              1             28              1
              1             29              1
              1             30              1
              2              0            0.5
              2              1          0.546
              2              2            0.6
              2              3           0.67
              2              4          0.745
              2              5          0.788
              2              6          0.821
              2              7          0.861
              2              8           0.87
              2              9          0.893
              2             10           0.91
              2             11          0.914
              2             12          0.933
              2             13          0.944
              2             14          0.955
              2             15          0.959
              2             16          0.965
              2             17          0.957
              2             18           0.97
              2             19           0.98
              2             20          0.975
              2             21          0.979
              2             22          0.985
              2             23          0.986
              2             24          0.991
              2             25          0.992
              2             26          0.997
              2             27          0.999
              2             28              1
              2             29              1
              2             30              1
              3              0            0.5
              3              1          0.558
              3              2          0.609
              3              3          0.692
              3              4          0.766
              3              5          0.782
              3              6          0.813
              3              7          0.829
              3              8          0.871
              3              9           0.92
              3             10           0.95
              3             11          0.968
              3             12          0.972
              3             13          0.975
              3             14          0.979
              3             15          0.983
              3             16          0.989
              3             17          0.993
              3             18          0.992
              3             19          0.996
              3             20          0.997
              3             21              1
              3             22              1
              3             23              1
              3             24              1
              3             25              1
              3             26              1
              3             27              1
              3             28              1
              3             29              1
              3             30              1
              4              0            0.5
              4              1          0.567
              4              2           0.63
              4              3          0.689
              4              4          0.745
              4              5          0.804
              4              6          0.824
              4              7          0.855
              4              8          0.879
              4              9          0.899
              4             10          0.925
              4             11          0.943
              4             12          0.966
              4             13          0.974
              4             14          0.972
              4             15          0.979
              4             16          0.985
              4             17          0.987
              4             18           0.99
              4             19          0.992
              4             20          0.988
              4             21          0.994
              4             22          0.989
              4             23          0.995
              4             24          0.994
              4             25          0.994
              4             26          0.995
              4             27          0.993
              4             28          0.993
              4             29          0.996
              4             30              1
              5              0            0.5
              5              1          0.592
              5              2          0.632
              5              3          0.684
              5              4          0.737
              5              5          0.762
              5              6           0.82
              5              7          0.853
              5              8          0.874
              5              9          0.892
              5             10           0.93
              5             11          0.947
              5             12          0.971
              5             13          0.976
              5             14          0.992
              5             15          0.997
              5             16              1
              5             17              1
              5             18              1
              5             19              1
              5             20              1
              5             21              1
              5             22              1
              5             23              1
              5             24              1
              5             25              1
              5             26              1
              5             27              1
              5             28              1
              5             29              1
              5             30              1
              6              0            0.5
              6              1          0.529
              6              2            0.6
              6              3           0.65
              6              4          0.697
              6              5          0.739
              6              6          0.779
              6              7          0.819
              6              8          0.864
              6              9          0.886
              6             10          0.906
              6             11          0.909
              6             12          0.928
              6             13          0.935
              6             14          0.948
              6             15          0.954
              6             16          0.971
              6             17           0.98
              6             18          0.987
              6             19          0.989
              6             20          0.994
              6             21          0.996
              6             22          0.998
              6             23          0.998
              6             24          0.999
              6             25              1
              6             26              1
              6             27              1
              6             28              1
              6             29              1
              6             30              1
              7              0            0.5
              7              1          0.606
              7              2          0.674
              7              3           0.75
              7              4          0.807
              7              5           0.84
              7              6          0.877
              7              7            0.9
              7              8          0.912
              7              9          0.932
              7             10          0.954
              7             11          0.979
              7             12          0.984
              7             13          0.993
              7             14          0.991
              7             15          0.997
              7             16          0.999
              7             17          0.999
              7             18          0.998
              7             19          0.997
              7             20          0.998
              7             21          0.998
              7             22          0.999
              7             23          0.999
              7             24              1
              7             25              1
              7             26              1
              7             27              1
              7             28              1
              7             29              1
              7             30              1
              8              0            0.5
              8              1          0.563
              8              2          0.632
              8              3          0.701
              8              4          0.777
              8              5          0.808
              8              6           0.86
              8              7          0.895
              8              8          0.917
              8              9          0.927
              8             10          0.946
              8             11          0.965
              8             12          0.976
              8             13          0.978
              8             14          0.982
              8             15          0.978
              8             16          0.979
              8             17          0.978
              8             18          0.992
              8             19          0.993
              8             20          0.994
              8             21          0.997
              8             22          0.999
              8             23              1
              8             24              1
              8             25              1
              8             26              1
              8             27              1
              8             28              1
              8             29              1
              8             30              1
              9              0            0.5
              9              1          0.571
              9              2          0.617
              9              3          0.706
              9              4          0.756
              9              5          0.797
              9              6          0.821
              9              7          0.858
              9              8          0.885
              9              9          0.897
              9             10          0.914
              9             11          0.932
              9             12          0.946
              9             13          0.958
              9             14          0.957
              9             15          0.961
              9             16          0.969
              9             17          0.974
              9             18          0.981
              9             19          0.981
              9             20          0.985
              9             21          0.986
              9             22          0.992
              9             23          0.997
              9             24          0.998
              9             25          0.999
              9             26          0.999
              9             27              1
              9             28              1
              9             29              1
              9             30              1
             10              0            0.5
             10              1          0.572
             10              2           0.63
             10              3           0.69
             10              4          0.729
             10              5          0.771
             10              6          0.814
             10              7          0.851
             10              8          0.881
             10              9          0.893
             10             10          0.913
             10             11          0.941
             10             12          0.957
             10             13          0.964
             10             14           0.97
             10             15           0.98
             10             16           0.99
             10             17          0.995
             10             18          0.994
             10             19          0.995
             10             20          0.994
             10             21          0.994
             10             22          0.997
             10             23              1
             10             24              1
             10             25              1
             10             26              1
             10             27              1
             10             28              1
             10             29              1
             10             30              1
 # pop size = 1000 selection coefficient = 0.3
