  #populations              t  freq. of type A(t) 
              1              0            0.5
              1              1          0.599
              1              2          0.694
              1              3          0.768
              1              4          0.836
              1              5          0.873
              1              6          0.924
              1              7          0.947
              1              8          0.959
              1              9          0.968
              1             10          0.974
              1             11          0.968
              1             12          0.984
              1             13          0.986
              1             14          0.994
              1             15          0.996
              1             16          0.998
              1             17          0.999
              1             18          0.999
              1             19              1
              1             20              1
              1             21              1
              1             22              1
              1             23              1
              1             24              1
              1             25              1
              1             26              1
              1             27              1
              1             28              1
              1             29              1
              1             30              1
              2              0            0.5
              2              1          0.592
              2              2          0.669
              2              3          0.751
              2              4          0.817
              2              5          0.879
              2              6          0.919
              2              7          0.941
              2              8          0.957
              2              9          0.974
              2             10          0.979
              2             11          0.986
              2             12          0.993
              2             13          0.996
              2             14          0.996
              2             15          0.999
              2             16          0.999
              2             17              1
              2             18              1
              2             19              1
              2             20              1
              2             21              1
              2             22              1
              2             23              1
              2             24              1
              2             25              1
              2             26              1
              2             27              1
              2             28              1
              2             29              1
              2             30              1
              3              0            0.5
              3              1          0.569
              3              2          0.656
              3              3          0.725
              3              4          0.792
              3              5          0.839
              3              6          0.884
              3              7           0.91
              3              8          0.932
              3              9          0.959
              3             10          0.969
              3             11          0.976
              3             12          0.978
              3             13          0.984
              3             14          0.983
              3             15          0.987
              3             16           0.99
              3             17          0.995
              3             18          0.997
              3             19          0.998
              3             20          0.999
              3             21              1
              3             22              1
              3             23              1
              3             24              1
              3             25              1
              3             26              1
              3             27              1
              3             28              1
              3             29              1
              3             30              1
              4              0            0.5
              4              1          0.607
              4              2          0.686
              4              3          0.755
              4              4          0.853
              4              5          0.904
              4              6          0.929
              4              7          0.959
              4              8          0.977
              4              9           0.99
              4             10          0.992
              4             11          0.993
              4             12          0.996
              4             13          0.996
              4             14          0.997
              4             15              1
              4             16              1
              4             17              1
              4             18              1
              4             19              1
              4             20              1
              4             21              1
              4             22              1
              4             23              1
              4             24              1
              4             25              1
              4             26              1
              4             27              1
              4             28              1
              4             29              1
              4             30              1
              5              0            0.5
              5              1          0.605
              5              2          0.701
              5              3           0.77
              5              4          0.829
              5              5          0.879
              5              6           0.92
              5              7          0.947
              5              8          0.966
              5              9          0.975
              5             10          0.987
              5             11           0.99
              5             12          0.991
              5             13           0.99
              5             14          0.992
              5             15          0.992
              5             16          0.994
              5             17          0.998
              5             18              1
              5             19              1
              5             20              1
              5             21              1
              5             22              1
              5             23              1
              5             24              1
              5             25              1
              5             26              1
              5             27              1
              5             28              1
              5             29              1
              5             30              1
              6              0            0.5
              6              1          0.597
              6              2           0.67
              6              3          0.758
              6              4          0.804
              6              5          0.847
              6              6          0.884
              6              7          0.918
              6              8          0.948
              6              9          0.967
              6             10          0.981
              6             11          0.988
              6             12          0.994
              6             13          0.998
              6             14          0.998
              6             15          0.998
              6             16          0.999
              6             17          0.999
              6             18              1
              6             19              1
              6             20              1
              6             21              1
              6             22              1
              6             23              1
              6             24              1
              6             25              1
              6             26              1
              6             27              1
              6             28              1
              6             29              1
              6             30              1
              7              0            0.5
              7              1          0.604
              7              2          0.676
              7              3          0.746
              7              4          0.823
              7              5          0.871
              7              6          0.903
              7              7          0.932
              7              8          0.956
              7              9          0.978
              7             10          0.987
              7             11          0.991
              7             12          0.986
              7             13          0.993
              7             14          0.994
              7             15          0.997
              7             16          0.997
              7             17          0.998
              7             18          0.998
              7             19          0.999
              7             20          0.999
              7             21          0.999
              7             22              1
              7             23              1
              7             24              1
              7             25              1
              7             26              1
              7             27              1
              7             28              1
              7             29              1
              7             30              1
              8              0            0.5
              8              1          0.598
              8              2          0.672
              8              3          0.732
              8              4          0.812
              8              5          0.879
              8              6          0.925
              8              7          0.943
              8              8          0.951
              8              9          0.966
              8             10          0.973
              8             11          0.984
              8             12          0.991
              8             13          0.996
              8             14          0.999
              8             15          0.998
              8             16          0.998
              8             17          0.998
              8             18          0.998
              8             19          0.999
              8             20              1
              8             21              1
              8             22              1
              8             23              1
              8             24              1
              8             25              1
              8             26              1
              8             27              1
              8             28              1
              8             29              1
              8             30              1
              9              0            0.5
              9              1          0.603
              9              2          0.686
              9              3          0.797
              9              4          0.844
              9              5           0.89
              9              6          0.935
              9              7          0.958
              9              8           0.97
              9              9          0.976
              9             10          0.983
              9             11          0.993
              9             12          0.998
              9             13          0.998
              9             14          0.998
              9             15              1
              9             16              1
              9             17              1
              9             18              1
              9             19              1
              9             20              1
              9             21              1
              9             22              1
              9             23              1
              9             24              1
              9             25              1
              9             26              1
              9             27              1
              9             28              1
              9             29              1
              9             30              1
             10              0            0.5
             10              1          0.598
             10              2          0.698
             10              3          0.779
             10              4          0.865
             10              5          0.906
             10              6          0.928
             10              7          0.954
             10              8          0.973
             10              9          0.986
             10             10           0.99
             10             11          0.996
             10             12          0.999
             10             13          0.999
             10             14              1
             10             15              1
             10             16              1
             10             17              1
             10             18              1
             10             19              1
             10             20              1
             10             21              1
             10             22              1
             10             23              1
             10             24              1
             10             25              1
             10             26              1
             10             27              1
             10             28              1
             10             29              1
             10             30              1
 # pop size = 1000 selection coefficient = 0.5
