  #populations              t  freq. of type A(t) 
              1              0            0.5
              1              1           0.49
              1              2           0.59
              1              3           0.58
              1              4           0.53
              1              5            0.5
              1              6           0.48
              1              7           0.45
              1              8           0.48
              1              9           0.46
              1             10           0.36
              1             11           0.42
              1             12           0.43
              1             13           0.44
              1             14           0.45
              1             15           0.34
              1             16           0.36
              1             17           0.46
              1             18           0.48
              1             19           0.49
              1             20           0.54
              1             21           0.54
              1             22           0.57
              1             23           0.55
              1             24           0.57
              1             25           0.59
              1             26           0.59
              1             27            0.6
              1             28           0.61
              1             29           0.59
              1             30           0.51
              2              0            0.5
              2              1           0.52
              2              2           0.57
              2              3           0.65
              2              4           0.61
              2              5           0.63
              2              6           0.62
              2              7           0.62
              2              8           0.67
              2              9            0.7
              2             10           0.68
              2             11           0.67
              2             12           0.62
              2             13           0.64
              2             14            0.7
              2             15           0.66
              2             16           0.62
              2             17           0.57
              2             18           0.54
              2             19           0.51
              2             20           0.51
              2             21            0.5
              2             22           0.52
              2             23           0.58
              2             24           0.59
              2             25           0.54
              2             26           0.55
              2             27           0.56
              2             28           0.56
              2             29           0.51
              2             30           0.41
              3              0            0.5
              3              1           0.57
              3              2           0.52
              3              3           0.52
              3              4           0.53
              3              5           0.57
              3              6           0.59
              3              7           0.65
              3              8           0.63
              3              9           0.67
              3             10           0.75
              3             11           0.68
              3             12           0.77
              3             13           0.78
              3             14           0.85
              3             15           0.87
              3             16            0.9
              3             17           0.89
              3             18           0.91
              3             19           0.89
              3             20           0.87
              3             21           0.87
              3             22           0.85
              3             23           0.85
              3             24           0.89
              3             25            0.9
              3             26            0.9
              3             27            0.9
              3             28            0.9
              3             29           0.93
              3             30           0.93
              4              0            0.5
              4              1           0.44
              4              2            0.4
              4              3           0.35
              4              4           0.33
              4              5           0.41
              4              6           0.42
              4              7            0.5
              4              8           0.45
              4              9           0.45
              4             10           0.47
              4             11           0.48
              4             12           0.48
              4             13           0.48
              4             14           0.37
              4             15           0.26
              4             16           0.19
              4             17           0.14
              4             18           0.09
              4             19           0.05
              4             20           0.01
              4             21              0
              4             22              0
              4             23              0
              4             24              0
              4             25              0
              4             26              0
              4             27              0
              4             28              0
              4             29              0
              4             30              0
              5              0            0.5
              5              1           0.54
              5              2           0.56
              5              3           0.53
              5              4           0.55
              5              5            0.6
              5              6           0.49
              5              7           0.49
              5              8           0.44
              5              9           0.46
              5             10           0.42
              5             11           0.46
              5             12           0.47
              5             13           0.47
              5             14           0.52
              5             15           0.51
              5             16           0.64
              5             17           0.57
              5             18           0.53
              5             19           0.55
              5             20           0.57
              5             21           0.57
              5             22           0.59
              5             23           0.46
              5             24           0.43
              5             25           0.47
              5             26           0.44
              5             27           0.49
              5             28           0.51
              5             29           0.57
              5             30           0.55
              6              0            0.5
              6              1           0.47
              6              2           0.35
              6              3           0.48
              6              4           0.45
              6              5           0.53
              6              6            0.5
              6              7           0.49
              6              8           0.44
              6              9           0.39
              6             10           0.39
              6             11           0.42
              6             12           0.45
              6             13           0.47
              6             14           0.49
              6             15           0.47
              6             16           0.51
              6             17           0.54
              6             18           0.41
              6             19           0.28
              6             20           0.23
              6             21           0.25
              6             22           0.23
              6             23           0.28
              6             24           0.28
              6             25            0.3
              6             26           0.31
              6             27           0.31
              6             28           0.26
              6             29           0.25
              6             30           0.22
              7              0            0.5
              7              1           0.61
              7              2           0.64
              7              3           0.69
              7              4           0.66
              7              5           0.72
              7              6           0.81
              7              7           0.76
              7              8            0.8
              7              9           0.83
              7             10           0.81
              7             11           0.81
              7             12           0.83
              7             13           0.74
              7             14           0.74
              7             15           0.72
              7             16           0.73
              7             17           0.79
              7             18           0.84
              7             19           0.81
              7             20            0.8
              7             21            0.8
              7             22           0.83
              7             23           0.81
              7             24           0.81
              7             25           0.84
              7             26           0.83
              7             27           0.82
              7             28           0.79
              7             29           0.79
              7             30           0.74
              8              0            0.5
              8              1           0.43
              8              2           0.52
              8              3           0.52
              8              4           0.45
              8              5           0.39
              8              6            0.3
              8              7           0.39
              8              8           0.39
              8              9           0.41
              8             10           0.51
              8             11           0.44
              8             12           0.43
              8             13           0.52
              8             14           0.54
              8             15           0.59
              8             16           0.64
              8             17           0.64
              8             18           0.62
              8             19           0.59
              8             20           0.61
              8             21           0.64
              8             22           0.59
              8             23           0.57
              8             24           0.58
              8             25           0.59
              8             26           0.55
              8             27           0.57
              8             28           0.61
              8             29           0.62
              8             30            0.7
              9              0            0.5
              9              1           0.44
              9              2           0.42
              9              3           0.43
              9              4           0.37
              9              5           0.43
              9              6           0.46
              9              7           0.48
              9              8           0.38
              9              9           0.41
              9             10           0.38
              9             11           0.35
              9             12           0.36
              9             13           0.43
              9             14           0.36
              9             15           0.36
              9             16           0.34
              9             17           0.28
              9             18           0.26
              9             19           0.23
              9             20           0.28
              9             21            0.3
              9             22           0.26
              9             23            0.3
              9             24           0.29
              9             25           0.35
              9             26           0.32
              9             27           0.35
              9             28           0.37
              9             29            0.3
              9             30           0.24
             10              0            0.5
             10              1           0.48
             10              2           0.38
             10              3           0.44
             10              4           0.45
             10              5           0.47
             10              6           0.46
             10              7           0.49
             10              8           0.49
             10              9           0.47
             10             10           0.56
             10             11           0.48
             10             12           0.51
             10             13           0.54
             10             14           0.55
             10             15           0.58
             10             16            0.5
             10             17           0.56
             10             18           0.56
             10             19           0.55
             10             20           0.58
             10             21           0.51
             10             22            0.4
             10             23            0.4
             10             24           0.49
             10             25           0.45
             10             26           0.39
             10             27           0.41
             10             28           0.43
             10             29           0.43
             10             30           0.42
 # pop size = 100 selection coefficient = 0
