  #populations              t  freq. of type A(t) 
              1              0            0.5
              1              1           0.68
              1              2           0.66
              1              3           0.73
              1              4            0.8
              1              5           0.85
              1              6           0.86
              1              7           0.87
              1              8            0.9
              1              9           0.94
              1             10           0.94
              1             11           0.99
              1             12           0.99
              1             13              1
              1             14              1
              1             15              1
              1             16              1
              1             17              1
              1             18              1
              1             19              1
              1             20              1
              1             21              1
              1             22              1
              1             23              1
              1             24              1
              1             25              1
              1             26              1
              1             27              1
              1             28              1
              1             29              1
              1             30              1
              2              0            0.5
              2              1           0.55
              2              2           0.61
              2              3           0.67
              2              4           0.74
              2              5            0.8
              2              6           0.86
              2              7            0.9
              2              8           0.93
              2              9            0.9
              2             10           0.94
              2             11            0.9
              2             12           0.94
              2             13           0.96
              2             14           0.98
              2             15              1
              2             16              1
              2             17              1
              2             18              1
              2             19              1
              2             20              1
              2             21              1
              2             22              1
              2             23              1
              2             24              1
              2             25              1
              2             26              1
              2             27              1
              2             28              1
              2             29              1
              2             30              1
              3              0            0.5
              3              1           0.65
              3              2           0.71
              3              3           0.85
              3              4            0.9
              3              5           0.95
              3              6           0.98
              3              7           0.99
              3              8           0.99
              3              9           0.98
              3             10              1
              3             11              1
              3             12              1
              3             13              1
              3             14              1
              3             15              1
              3             16              1
              3             17              1
              3             18              1
              3             19              1
              3             20              1
              3             21              1
              3             22              1
              3             23              1
              3             24              1
              3             25              1
              3             26              1
              3             27              1
              3             28              1
              3             29              1
              3             30              1
              4              0            0.5
              4              1           0.56
              4              2           0.65
              4              3           0.74
              4              4           0.77
              4              5            0.9
              4              6           0.95
              4              7           0.98
              4              8           0.99
              4              9              1
              4             10              1
              4             11              1
              4             12              1
              4             13              1
              4             14              1
              4             15              1
              4             16              1
              4             17              1
              4             18              1
              4             19              1
              4             20              1
              4             21              1
              4             22              1
              4             23              1
              4             24              1
              4             25              1
              4             26              1
              4             27              1
              4             28              1
              4             29              1
              4             30              1
              5              0            0.5
              5              1            0.6
              5              2           0.67
              5              3           0.75
              5              4           0.79
              5              5            0.9
              5              6           0.92
              5              7           0.95
              5              8           0.97
              5              9           0.93
              5             10           0.96
              5             11           0.97
              5             12           0.98
              5             13           0.97
              5             14           0.95
              5             15           0.99
              5             16           0.99
              5             17              1
              5             18              1
              5             19              1
              5             20              1
              5             21              1
              5             22              1
              5             23              1
              5             24              1
              5             25              1
              5             26              1
              5             27              1
              5             28              1
              5             29              1
              5             30              1
              6              0            0.5
              6              1           0.58
              6              2           0.67
              6              3           0.67
              6              4           0.72
              6              5           0.74
              6              6           0.83
              6              7           0.92
              6              8           0.92
              6              9           0.86
              6             10           0.89
              6             11           0.98
              6             12              1
              6             13              1
              6             14              1
              6             15              1
              6             16              1
              6             17              1
              6             18              1
              6             19              1
              6             20              1
              6             21              1
              6             22              1
              6             23              1
              6             24              1
              6             25              1
              6             26              1
              6             27              1
              6             28              1
              6             29              1
              6             30              1
              7              0            0.5
              7              1           0.63
              7              2           0.64
              7              3           0.77
              7              4           0.76
              7              5           0.84
              7              6           0.89
              7              7           0.91
              7              8           0.94
              7              9           0.97
              7             10           0.98
              7             11              1
              7             12              1
              7             13              1
              7             14              1
              7             15              1
              7             16              1
              7             17              1
              7             18              1
              7             19              1
              7             20              1
              7             21              1
              7             22              1
              7             23              1
              7             24              1
              7             25              1
              7             26              1
              7             27              1
              7             28              1
              7             29              1
              7             30              1
              8              0            0.5
              8              1           0.68
              8              2           0.74
              8              3           0.91
              8              4           0.91
              8              5           0.95
              8              6           0.96
              8              7           0.99
              8              8              1
              8              9              1
              8             10              1
              8             11              1
              8             12              1
              8             13              1
              8             14              1
              8             15              1
              8             16              1
              8             17              1
              8             18              1
              8             19              1
              8             20              1
              8             21              1
              8             22              1
              8             23              1
              8             24              1
              8             25              1
              8             26              1
              8             27              1
              8             28              1
              8             29              1
              8             30              1
              9              0            0.5
              9              1           0.66
              9              2           0.73
              9              3            0.8
              9              4           0.84
              9              5           0.87
              9              6           0.91
              9              7           0.94
              9              8           0.96
              9              9           0.93
              9             10           0.97
              9             11           0.99
              9             12              1
              9             13              1
              9             14              1
              9             15              1
              9             16              1
              9             17              1
              9             18              1
              9             19              1
              9             20              1
              9             21              1
              9             22              1
              9             23              1
              9             24              1
              9             25              1
              9             26              1
              9             27              1
              9             28              1
              9             29              1
              9             30              1
             10              0            0.5
             10              1           0.64
             10              2           0.73
             10              3           0.83
             10              4           0.89
             10              5           0.97
             10              6           0.98
             10              7           0.99
             10              8              1
             10              9              1
             10             10              1
             10             11              1
             10             12              1
             10             13              1
             10             14              1
             10             15              1
             10             16              1
             10             17              1
             10             18              1
             10             19              1
             10             20              1
             10             21              1
             10             22              1
             10             23              1
             10             24              1
             10             25              1
             10             26              1
             10             27              1
             10             28              1
             10             29              1
             10             30              1
 # pop size = 100 selection coefficient = 0.5
